0.03565
0.045218
0.032659
0.037162
0.051656
0.041468
0.045409
0.044111
0.0047905
0.0098993
0.0052692
0.0050321
0.0033614
0.0037747
0.0069956
0.0063508
0.011002
0.0098198
0.01147
0.0097269
0.016596
0.011324
0.017009
0.01384
0.0071847
0.013582
0.0053858
0.0068513
0.013498
0.0079703
0.0080685
0.0082589
0.012673
0.011916
0.010533
0.015552
0.018201
0.018399
0.013336
0.015662
7.7814e-05
0.00019711
0.0010395
0.0026583
0.00064498
0.0013271
0.0017461
0.0011306
0.0018269
0.0057803
0.0013422
0.0015319
0.0018042
0.0014317
0.0043665
0.0025152
0.002681
0.0058733
0.00311
0.0017409
0.0021904
0.0015492
0.0042348
0.0034756
0.0052918
0.00027111
0.00066583
0.0036149
0.0029926
0.00098464
0.0011322
0.001218
0.0023496
0.0020365
0.0014473
0.00081373
0.00085004
0.00084091
0.00071705
0.0023409
0.00053624
0.0018853
0.0014403
2.8126e-05
6.2228e-05
0.00017511
0.00016591
0.00036411
0.0025005
0.0026704
0.0037833
0.0031207
0.0091428
0.0061499
0.007361
0.0055058
0.00052903
0.001005
0.0039109
0.0012504
0.0022698
0.0026399
0.0042812
0.0036403
0.0026944
0.0077105
0.00101
0.00035264
0.0055212
0.0011063
0.00041441
0.00031445
0.0011954
0.0017989
0.0011288
0.0016934
0.0022957
0.0023902
0.002265
0.00073755
0.0019327
0.0043288
0.0043112
0.0078601
0.0078289
0.0094998
0.0054105
0.0052385
0.0059888
0.0048409
0.0029174
0.0043747
0.0055055
0.0042208
0.0037271
0.005394
0.0014065
0.0024695
0.0022965
0.0028117
0.0016613
0.00087178
0.0026942
0.0043336
0.0018885
0.0016035
0.00095044
0.0019936
0.0040199
0.003602
0.002695
0.0028734
0.0019648
0.0016212
0.0031354
0.002676
0.0019417
0.00356
0.0019087
0.003581
0.0027864
0.0011253
0.00016932
0.00064137
0.002925
0.0011187
0.0022897
0.0014483
